i98 0.25 1.0 66
i98 0.25 1.0 57
i98 0.25 1.0 61
i98 0.375 1.0 64
i98 0.375 1.0 68
i98 0.375 1.0 59
i98 0.5 0.5 64
i98 0.5 0.5 68
i98 0.5 0.5 59
i98 0.625 0.5 57
i98 0.625 0.5 61
i98 0.625 0.5 64
i98 0.875 2.0 57
i98 0.875 2.0 61
i98 0.875 2.0 64
i98 1.5 1.0 61
i98 1.5 1.0 64
i98 1.5 1.0 68
i98 1.75 2.0 57
i98 1.75 2.0 61
i98 1.75 2.0 64
i98 1.875 0.5 64
i98 1.875 0.5 68
i98 1.875 0.5 59
i98 2.125 1.0 64
i98 2.125 1.0 68
i98 2.125 1.0 59
i98 2.375 1.0 61
i98 2.375 1.0 64
i98 2.375 1.0 68
i98 2.5 0.5 57
i98 2.5 0.5 61
i98 2.5 0.5 64
i98 2.75 1.0 57
i98 2.75 1.0 61
i98 2.75 1.0 64
i98 3.25 1.0 59
i98 3.25 1.0 62
i98 3.25 1.0 66
i98 3.5 0.5 59
i98 3.5 0.5 62
i98 3.5 0.5 66
i98 3.75 0.5 61
i98 3.75 0.5 64
i98 3.75 0.5 68
i98 3.875 2.0 61
i98 3.875 2.0 64
i98 3.875 2.0 68
i98 4.25 1.0 61
i98 4.25 1.0 64
i98 4.25 1.0 68
i98 4.5 0.5 57
i98 4.5 0.5 61
i98 4.5 0.5 64
i98 4.875 1.0 64
i98 4.875 1.0 68
i98 4.875 1.0 59
i98 5.25 1.0 64
i98 5.25 1.0 68
i98 5.25 1.0 59
i98 6.0 1.0 57
i98 6.0 1.0 61
i98 6.0 1.0 64
i98 6.25 2.0 57
i98 6.25 2.0 61
i98 6.25 2.0 64
i98 6.5 1.0 66
i98 6.5 1.0 57
i98 6.5 1.0 61
i98 6.625 0.5 64
i98 6.625 0.5 68
i98 6.625 0.5 59
i98 6.875 1.0 61
i98 6.875 1.0 64
i98 6.875 1.0 68
i98 7.125 1.0 61
i98 7.125 1.0 64
i98 7.125 1.0 68
i98 7.5 2.0 57
i98 7.5 2.0 61
i98 7.5 2.0 64
