i99 0.3 0.15 72
i99 1.05 0.3 68
i99 1.2 0.3 68
i99 1.5 0.3 70
i99 1.8 0.3 72
i99 2.1 0.15 70
i99 2.25 0.15 72
i99 2.4 0.15 70
i99 2.55 0.15 65
i99 2.7 0.3 72
i99 3.0 0.3 72
i99 3.3 0.15 72
i99 4.35 0.15 68
i99 4.2 0.3 72
i99 4.5 0.15 72
i99 4.65 0.3 70
i99 4.95 0.15 65
i99 5.1 0.15 68
i99 5.55 0.3 65
i99 6.0 0.15 72
i99 6.3 0.15 72
i99 6.45 0.3 73
i99 6.75 0.15 68
i99 6.9 0.15 65
i99 7.05 0.15 70
i99 7.2 0.3 70
i99 8.1 0.15 68
i99 7.95 0.15 67
i99 8.1 0.15 70
i99 8.25 0.15 70
i99 8.4 0.15 67
i99 9.15 0.3 68
i99 9.45 0.15 65
i99 9.6 0.15 65
i99 9.75 0.15 65
i99 9.9 0.15 72
i99 10.05 0.3 68
i99 10.35 0.3 70
i99 10.65 0.15 65
i99 11.1 0.15 65
i99 11.25 0.15 72
i99 11.4 0.3 72
i99 11.7 0.15 68
i99 11.85 0.3 70
i99 12.75 0.15 70
i99 12.6 0.15 68
i99 12.75 0.15 68
i99 12.9 0.15 72
i99 13.05 0.15 72
i99 13.2 0.3 65
i99 13.5 0.3 72
i99 13.8 0.15 67
i99 13.95 0.3 65
i99 14.25 0.15 72
i99 14.4 0.3 67
i99 14.7 0.15 68
i99 14.85 0.15 68
i99 15.0 0.3 72
i99 15.9 0.3 70
i99 15.9 0.15 65
i99 16.05 0.3 65
i99 16.35 0.15 73
i99 16.5 0.15 72
i99 16.65 0.3 70
i99 16.95 0.3 65
i99 17.25 0.15 68
i99 17.7 0.3 73
i99 17.85 0.3 65
i99 18.15 0.3 65
i99 18.45 0.15 73
i99 18.6 0.3 68
i99 18.9 0.15 72
i99 19.05 0.3 68
